simple moog format linelist from  linelist.201202161204.vacEW Selection- No Mol  :: originally called "linelist.201202161204.elreducedapogee.ln"
 15004.970      1.00
 15006.727     13.00
 15008.111     26.00
 15008.559     26.00
 15010.775     14.00
 15011.119     24.00
 15011.321     26.00
 15011.792     26.00
 15013.520     26.00
 15013.590     26.00
 15013.592     26.00
 15014.052     20.00
 15014.726     28.00
 15015.365     26.00
 15017.087     20.00
 15017.876     26.00
 15019.569     26.00
 15020.250     22.00
 15021.806     26.00
 15022.328     26.00
 15024.409     26.00
 15026.425     26.00
 15026.777     26.00
 15028.328      6.00
 15029.098     12.00
 15030.357     26.00
 15030.813      6.00
 15034.113     14.00
 15034.757     26.00
 15036.395     28.00
 15036.418     28.00
 15039.849     14.00
 15040.269     26.00
 15040.534      6.00
 15040.581     26.00
 15041.469     14.00
 15043.157      1.00
 15044.147     14.00
 15044.356     12.00
 15044.431     26.00
 15044.925     26.00
 15048.115     26.00
 15050.512     26.00
 15051.033     26.00
 15051.770     26.00
 15051.818     12.00
 15054.052      6.00
 15054.981      7.00
 15055.863     26.00
 15056.047      6.00
 15056.187     26.00
 15057.493     26.00
 15057.502     26.00
 15057.939     26.00
 15058.114     26.00
 15061.214     20.00
 15061.581     26.00
 15064.731     12.00
 15066.265     26.00
 15066.826     26.00
 15067.630     12.00
 15067.630     12.00
 15069.328     26.00
 15069.782     26.00
 15071.077     26.00
 15071.159     20.00
 15073.625     12.00
 15073.625     12.00
 15073.844     26.00
 15073.944     26.00
 15076.234     26.00
 15076.241     26.00
 15077.387     26.00
 15081.362     26.00
 15081.408     26.00
 15081.410     26.00
 15081.453     14.00
 15084.344     26.00
 15084.385     26.00
 15086.906      1.00
 15088.422     26.00
 15088.608     15.00
 15090.326     26.00
 15092.100     26.00
 15095.995     14.00
 15097.013     26.00
 15098.822     26.00
 15099.080      7.00
 15099.265     26.00
 15099.322     26.00
 15099.833     26.00
 15099.986     26.00
 15101.839     28.00
 15103.233     26.00
 15103.769     26.00
 15110.239     26.00
 15110.258     26.00
 15110.266     26.00
 15111.148     14.00
 15113.199     22.00
 15113.600     26.00
 15116.130     26.00
 15116.137     26.00
 15116.460     26.00
 15116.463     26.00
 15117.215     26.00
 15117.809     26.00
 15119.542     26.10
 15120.518      6.00
 15120.831     28.00
 15121.444     22.00
 15122.242     26.00
 15122.249     26.00
 15122.304     20.00
 15122.313     26.00
 15124.150     26.00
 15124.637     26.00
 15124.909     14.00
 15125.356     26.00
 15125.987     20.00
 15126.513     26.00
 15126.682     14.00
 15127.680     20.00
 15129.754     26.00
 15135.790     26.00
 15136.824     26.00
 15136.975      6.00
 15137.367      1.00
 15137.836     14.00
 15139.188     26.10
 15139.509     12.00
 15140.264     26.00
 15141.206     12.00
 15141.217     26.00
 15141.469     26.00
 15141.508     26.00
 15141.964     12.00
 15144.219      6.00
 15145.388     26.00
 15147.230     26.00
 15148.190     26.00
 15150.803      7.00
 15151.378     27.00
 15153.008     26.00
 15154.744     14.00
 15157.492     25.00
 15157.745     25.00
 15157.947     25.00
 15158.164     22.00
 15158.189     14.00
 15159.352     26.00
 15161.489     26.00
 15161.990     25.00
 15163.173     25.00
 15163.173     25.00
 15163.183     25.00
 15163.223     25.00
 15163.283     25.00
 15163.283     25.00
 15163.343     25.00
 15163.353     25.00
 15163.413     25.00
 15163.503     25.00
 15163.613     25.00
 15163.865     26.00
 15164.246     26.00
 15164.649     26.00
 15164.835     26.00
 15164.977     26.00
 15164.993     11.00
 15165.193     26.00
 15167.211     19.00
 15167.211     19.00
 15167.677     25.00
 15172.521     19.00
 15173.017     26.00
 15173.462     26.00
 15176.411     26.00
 15177.729     28.00
 15180.863     26.00
 15182.739     24.00
 15183.015     26.00
 15183.896     26.00
 15184.337     26.00
 15187.076     26.00
 15187.588     26.00
 15188.989     26.00
 15189.332     26.00
 15190.361     26.00
 15190.857     22.00
 15191.709     26.00
 15193.672     25.00
 15195.253     26.00
 15196.005      1.00
 15198.644     26.00
 15199.382     26.00
 15199.458     28.00
 15201.440     12.00
 15201.824     26.00
 15202.955     26.00
 15203.562     26.00
 15203.812     28.00
 15205.724     26.00
 15206.503     26.00
 15206.850     26.00
 15207.095     26.00
 15207.245     14.00
 15207.544     12.00
 15208.255     26.00
 15209.035     26.00
 15211.682     26.00
 15215.483     14.00
 15217.179     26.00
 15217.250     14.00
 15218.312     26.00
 15219.032     14.00
 15219.083     26.00
 15221.044     26.00
 15221.192     26.00
 15221.569     25.00
 15221.579     25.00
 15221.579     25.00
 15221.589     25.00
 15221.609     25.00
 15221.709     25.00
 15221.729     25.00
 15221.759     25.00
 15221.789     14.00
 15221.799     25.00
 15221.819     25.00
 15221.859     25.00
 15221.899     25.00
 15221.919     25.00
 15221.989     25.00
 15222.089     25.00
 15222.199     25.00
 15222.325     26.00
 15223.247     26.00
 15223.434     14.00
 15223.777     26.00
 15228.294     14.00
 15228.653     26.00
 15228.892     26.00
 15229.398     26.00
 15230.532     26.00
 15232.040     26.00
 15232.889     28.00
 15233.437     28.00
 15233.441     26.00
 15234.485     26.00
 15235.263     22.10
 15235.365     26.00
 15235.756     12.00
 15235.756     12.00
 15235.756     12.00
 15235.844     12.00
 15235.844     12.00
 15235.844     12.00
 15235.939     12.00
 15237.023     14.00
 15237.838     26.00
 15238.761     14.00
 15238.922     16.00
 15241.937     26.00
 15242.989     26.00
 15243.468     26.00
 15243.575     26.00
 15243.880     26.00
 15247.754     14.00
 15248.891     14.00
 15249.140     26.00
 15250.564     26.00
 15250.657     26.00
 15251.077     15.00
 15255.177     26.00
 15255.456     26.00
 15255.670     26.00
 15256.859     26.00
 15257.719     26.00
 15257.998     26.00
 15263.536     26.00
 15264.717      1.00
 15264.814     26.00
 15265.444     22.00
 15265.964     26.00
 15266.221     25.00
 15266.291     25.00
 15266.331     25.00
 15266.361     25.00
 15266.391     25.00
 15266.411     25.00
 15266.421     25.00
 15266.491     25.00
 15266.541     25.00
 15266.581     25.00
 15266.621     25.00
 15266.651     25.00
 15266.671     25.00
 15267.399     26.00
 15268.362     26.00
 15270.046     14.00
 15271.197     26.00
 15273.068     26.00
 15275.725     26.00
 15276.967     26.00
 15279.953     26.00
 15280.436     28.00
 15281.237     26.00
 15281.286     14.00
 15281.407      6.00
 15283.493     26.00
 15283.949     14.00
 15287.327     26.00
 15287.601     26.00
 15287.825     26.00
 15287.837     26.00
 15291.673     26.00
 15292.547     16.00
 15293.658     37.00
 15293.833     26.00
 15294.168     26.00
 15294.889     28.00
 15295.170     28.00
 15295.546     26.00
 15295.804     16.00
 15296.290     28.00
 15297.317     26.00
 15297.373     26.00
 15298.740     26.00
 15299.084     26.00
 15299.187     26.00
 15299.854     26.00
 15300.091     26.00
 15300.343     26.00
 15300.886     26.00
 15300.994     26.00
 15301.350     26.00
 15302.100     14.00
 15302.194     14.00
 15304.392     16.00
 15305.524     26.10
 15305.742     26.00
 15307.138      6.00
 15308.260     26.00
 15309.557     26.00
 15309.789     26.00
 15315.904     26.00
 15317.117     26.00
 15317.412     26.00
 15318.536     16.00
 15319.770     22.00
 15319.838     26.00
 15324.006     26.00
 15325.084     14.00
 15327.745     26.00
 15327.936     26.00
 15332.532     26.00
 15334.380     14.00
 15334.742      6.00
 15339.038     22.00
 15339.214     26.00
 15339.574     26.00
 15341.776      6.00
 15342.935     14.00
 15345.767     26.00
 15345.992      1.00
 15347.166     14.00
 15347.981     26.00
 15349.213     26.00
 15350.118     26.00
 15350.326      6.00
 15352.564     26.00
 15352.927     26.00
 15353.098     19.00
 15353.162     26.00
 15353.899     26.00
 15355.621     19.00
 15356.605     26.00
 15358.035      6.00
 15364.112     14.00
 15364.434     26.00
 15365.359     14.00
 15368.586      6.00
 15370.656     26.00
 15372.694     26.00
 15373.225     26.00
 15375.509     26.00
 15375.915     28.00
 15379.550     26.00
 15379.630     14.00
 15379.697     26.00
 15379.976     26.00
 15381.033     14.00
 15381.142     14.00
 15381.142     14.00
 15383.506     26.00
 15384.320     28.00
 15384.805      6.00
 15384.963     26.00
 15385.094     26.00
 15385.290     22.00
 15385.941     14.00
 15386.183     26.00
 15388.311     26.00
 15388.314     26.00
 15391.274     14.00
 15392.011     26.00
 15394.869     28.00
 15396.689     26.00
 15398.880     26.00
 15398.880     26.00
 15398.984     20.00
 15399.925     26.00
 15399.935     26.00
 15400.082     26.00
 15402.696     26.00
 15403.493     22.00
 15404.268     16.00
 15406.540     16.00
 15407.929     16.00
 15408.000     16.00
 15411.075     24.00
 15411.764      6.00
 15412.774     26.00
 15414.493     26.00
 15415.524     26.00
 15415.843     26.00
 15416.466     12.00
 15419.501     12.00
 15419.501     12.00
 15420.054     26.00
 15420.593     26.00
 15420.741     26.00
 15423.857     20.00
 15425.020     14.00
 15425.781     12.00
 15425.781     12.00
 15425.781     12.00
 15425.876     14.00
 15426.404     16.00
 15426.475     16.00
 15426.490     16.00
 15426.751     26.00
 15426.900     26.00
 15431.185     22.00
 15431.837     26.00
 15436.172     25.00
 15439.578     14.00
 15440.512     26.00
 15441.540     26.00
 15441.712     26.00
 15443.148      1.00
 15446.024     26.00
 15446.757     26.00
 15448.598     26.00
 15452.284     26.00
 15453.706     26.00
 15455.091     28.00
 15455.523     26.00
 15456.053     26.00
 15456.165     26.00
 15456.201     26.00
 15458.478     26.00
 15458.579     25.00
 15460.496     26.00
 15460.972     26.00
 15465.443     26.00
 15466.645     26.00
 15467.222     26.00
 15467.948     28.00
 15469.046     20.00
 15474.043     16.00
 15476.192     14.00
 15479.414     26.00
 15479.433     26.00
 15479.845     16.00
 15480.128     26.00
 15480.732     26.00
 15481.146     22.00
 15482.712     16.00
 15483.107     26.00
 15483.836     26.00
 15484.140     26.00
 15484.462     26.00
 15488.567     26.00
 15489.688     26.00
 15489.971     26.00
 15490.312     26.00
 15491.027      6.00
 15491.029     26.00
 15493.045     14.00
 15494.572     26.00
 15494.762     26.00
 15495.117     26.00
 15496.380     26.00
 15497.749     26.00
 15497.784     26.00
 15500.391      7.00
 15500.935     26.00
 15501.199     14.00
 15501.235     14.00
 15501.278     26.00
 15502.900     26.00
 15503.474     26.00
 15503.614     26.00
 15505.037     26.00
 15505.559     26.00
 15506.412     26.00
 15506.876     14.00
 15507.251     26.00
 15510.297      6.00
 15511.215     14.00
 15514.883     26.00
 15515.322     26.00
 15515.356     14.00
 15515.772     26.00
 15518.521     26.00
 15518.931     14.00
 15519.998     26.00
 15520.959     26.00
 15523.135     26.00
 15523.340     26.00
 15523.605     26.00
 15524.180     26.00
 15524.356     14.00
 15524.696     17.00
 15525.925     26.00
 15526.851     26.00
 15527.782     26.00
 15528.553     26.00
 15529.522     26.00
 15531.453     26.00
 15531.954      6.00
 15535.532     22.00
 15535.996     26.00
 15536.049     26.00
 15536.507     14.00
 15536.693     14.00
 15538.490     26.00
 15541.702     26.00
 15541.943     26.00
 15542.709     14.00
 15544.412      6.00
 15546.082     26.00
 15546.094     26.00
 15546.128     26.00
 15546.263     14.00
 15546.326     26.00
 15548.003     22.00
 15552.937     26.00
 15554.277      6.00
 15554.688     26.00
 15554.731     26.00
 15555.685     26.00
 15556.348     26.00
 15557.011      6.00
 15557.827     26.00
 15558.760     26.00
 15558.770     26.00
 15559.371     28.00
 15559.461     28.00
 15559.672     28.00
 15559.689     26.00
 15560.708      1.00
 15560.938     26.00
 15562.030     14.00
 15565.038     26.00
 15565.503     14.00
 15565.922      6.00
 15567.435     26.00
 15568.159     26.00
 15568.610     26.00
 15569.478     26.00
 15570.981     26.00
 15571.757     26.00
 15572.591     26.00
 15573.490     26.00
 15574.306     12.00
 15574.306     12.00
 15574.830     12.00
 15574.830     12.00
 15575.075     12.00
 15575.376     26.00
 15576.006     26.00
 15576.887     22.00
 15578.329     26.00
 15579.627     26.00
 15580.294     26.00
 15582.135     26.00
 15583.337     26.00
 15584.691     20.00
 15585.134     14.00
 15586.125     26.00
 15586.545      7.00
 15589.989     26.00
 15591.189     26.00
 15592.520     26.00
 15592.522     26.00
 15592.923     26.00
 15594.309     26.00
 15594.987     26.00
 15595.566     26.00
 15595.753     26.00
 15595.760     26.00
 15596.102     14.00
 15597.099     26.00
 15597.979     20.00
 15598.011     26.00
 15598.660     26.00
 15600.257     26.00
 15601.257      6.00
 15601.588     12.00
 15601.744      6.00
 15603.034     26.00
 15603.133     26.00
 15603.152     22.00
 15603.396     22.00
 15606.589      6.00
 15607.106     22.00
 15608.017     12.00
 15608.431     26.00
 15608.487     26.00
 15609.944     28.00
 15610.014     28.00
 15615.412     26.00
 15617.701     26.00
 15617.894     26.00
 15618.367     26.00
 15619.402     26.00
 15619.687     26.00
 15620.643     26.00
 15621.869     14.00
 15621.971     26.00
 15622.096     26.00
 15622.576     14.00
 15623.499     26.00
 15625.428     26.00
 15625.432     26.00
 15625.923     26.00
 15627.588      6.00
 15628.409     20.00
 15630.764      6.00
 15633.672     26.00
 15633.895     26.00
 15634.635     26.00
 15635.378     26.00
 15635.657     26.00
 15635.747     14.00
 15636.219     26.00
 15636.926     28.00
 15641.487     26.10
 15642.297     26.00
 15642.383     26.00
 15642.598      6.00
 15642.745     14.00
 15642.989     26.00
 15643.219     26.00
 15643.753     26.00
 15647.655     12.00
 15649.293     26.00
 15649.653     13.00
 15649.690     14.00
 15649.724     26.00
 15651.692     26.00
 15652.786     26.00
 15653.950     26.00
 15657.151     26.00
 15659.966     26.00
 15660.208      6.00
 15660.912     26.00
 15660.969     26.00
 15661.047     26.00
 15664.082     26.00
 15664.134     13.00
 15664.654     12.00
 15664.695     26.00
 15665.578     26.00
 15666.296     26.00
 15666.595     26.00
 15667.964      6.00
 15669.523     26.00
 15670.469      8.00
 15674.409     26.00
 15674.412     26.00
 15675.288     26.00
 15676.151     26.00
 15676.942     26.00
 15677.115     26.00
 15677.156     25.00
 15677.288     25.00
 15677.288     25.00
 15677.437     26.00
 15677.486     25.00
 15677.486     25.00
 15677.750     25.00
 15677.750     25.00
 15678.080     25.00
 15678.088     26.00
 15678.265     26.00
 15678.936     14.00
 15680.869     26.00
 15681.299     26.00
 15681.547     26.00
 15681.805     26.00
 15682.624     26.00
 15682.803     14.00
 15683.784     24.00
 15684.267     14.00
 15684.348     24.00
 15685.682     26.00
 15686.302     26.00
 15686.801     26.00
 15687.160      7.00
 15687.333      6.00
 15687.672     26.00
 15689.885     26.00
 15690.308     26.00
 15690.646     26.00
 15690.729     26.00
 15691.428     26.00
 15696.143     26.00
 15696.951     25.00
 15697.035     26.00
 15697.216     25.00
 15697.547     25.00
 15697.648     12.00
 15697.648     12.00
 15697.648     12.00
 15697.742     12.00
 15697.742     12.00
 15697.742     12.00
 15697.843     12.00
 15698.786     26.00
 15700.092      6.00
 15702.803     26.00
 15703.047     26.00
 15703.269     22.00
 15704.383     26.00
 15704.960      1.00
 15708.723     24.00
 15711.191     26.00
 15712.637     20.00
 15712.775     26.00
 15715.116      6.00
 15715.815     15.00
 15719.091     26.00
 15719.867     22.00
 15721.953     26.00
 15722.097     26.00
 15725.059     28.00
 15727.882     26.00
 15730.667     28.00
 15730.757     26.00
 15730.827     28.00
 15730.985     28.00
 15731.453     26.00
 15731.730      6.00
 15733.884     22.10
 15734.104     26.00
 15735.492     26.00
 15735.713     26.00
 15737.063     26.00
 15737.811     26.00
 15738.056     26.00
 15738.207     12.00
 15745.017     12.00
 15746.124     26.00
 15746.219     26.00
 15747.367     25.00
 15747.500     25.00
 15747.500     25.00
 15747.700     25.00
 15747.700     25.00
 15747.700     25.00
 15747.876     14.00
 15747.966     25.00
 15747.966     25.00
 15748.299     25.00
 15749.234     26.00
 15750.462     26.00
 15751.133     26.00
 15752.311     26.00
 15753.133     25.00
 15753.133     25.00
 15753.189     12.00
 15753.291     12.00
 15753.502     26.00
 15753.619     25.00
 15753.619     25.00
 15753.619     25.00
 15753.984     25.00
 15753.984     25.00
 15754.228     25.00
 15756.021     26.00
 15757.971     28.00
 15759.989     26.00
 15760.342     26.00
 15761.248     26.00
 15761.392     26.00
 15761.838     26.00
 15762.591     26.00
 15763.646     25.00
 15765.622     26.00
 15766.177     14.00
 15768.632     26.00
 15768.734     26.00
 15768.819     26.00
 15769.953     12.00
 15770.055     12.00
 15770.150     12.00
 15771.689     26.00
 15771.878     26.00
 15773.403     26.00
 15773.732     26.00
 15774.928     26.00
 15775.409      7.00
 15775.996     14.00
 15778.381     26.00
 15779.376     26.00
 15780.470     26.00
 15782.577     26.00
 15783.266     14.00
 15783.625     16.00
 15783.625     16.00
 15784.366     20.00
 15785.918     16.00
 15785.918     16.00
 15785.977     26.00
 15786.294     26.00
 15788.535     16.00
 15788.535     16.00
 15788.859      6.00
 15789.233      6.00
 15790.828     16.00
 15790.828     16.00
 15790.978     14.00
 15791.128     26.00
 15791.169     25.00
 15791.169     25.00
 15791.657     25.00
 15791.657     25.00
 15792.024     25.00
 15792.024     25.00
 15792.175     16.00
 15792.268     25.00
 15793.312     26.00
 15793.826     26.00
 15796.606     26.00
 15797.826     26.00
 15799.770     28.00
 15800.574     26.00
 15801.275     26.00
 15801.757     14.00
 15802.550     26.00
 15802.879     26.00
 15803.051     12.00
 15803.051     12.00
 15803.591     12.00
 15803.591     12.00
 15803.843     12.00
 15805.264     14.00
 15805.859     26.00
 15806.481     26.00
 15808.015     26.00
 15810.597     26.00
 15810.837     26.00
 15813.177     26.00
 15814.457     26.00
 15814.767     14.00
 15816.003     14.00
 15817.104     26.00
 15817.975     14.00
 15818.075     14.00
 15819.393     13.00
 15820.019     26.00
 15820.955     26.00
 15822.089     26.00
 15822.464     26.00
 15823.456     26.00
 15824.894     24.00
 15826.035     26.00
 15827.140     26.00
 15827.468     28.00
 15828.661     26.00
 15830.467     14.00
 15831.538     14.00
 15832.610     13.00
 15832.718     26.00
 15833.623     26.00
 15835.514      6.00
 15836.956     26.00
 15837.928     14.00
 15838.493     26.00
 15839.494     26.00
 15841.115     22.00
 15841.406     26.00
 15841.960     14.00
 15841.973     26.00
 15843.793     14.00
 15844.521     26.00
 15845.113     14.00
 15847.587     26.00
 15849.548     26.00
 15849.878     26.00
 15851.910     58.20
 15853.332     14.00
 15854.215     26.00
 15854.889     26.00
 15855.122     20.00
 15856.118     26.00
 15856.907      6.00
 15857.141     26.00
 15857.650     26.00
 15858.361     26.00
 15858.776     26.00
 15861.266     26.00
 15862.990     26.00
 15864.548     24.00
 15864.694     26.00
 15866.136     14.00
 15867.875     14.00
 15868.046     26.00
 15868.384     14.00
 15868.984     26.00
 15869.389     25.00
 15870.597     26.00
 15872.860     26.00
 15872.910     26.00
 15874.016     17.00
 15876.267     27.00
 15877.981     22.10
 15878.576     12.00
 15882.124     22.00
 15882.638     26.00
 15882.782     26.00
 15883.860     12.00
 15883.906     12.00
 15883.938     12.00
 15884.888      1.00
 15885.480     14.00
 15887.038      6.00
 15888.486     26.00
 15888.794     14.00
 15888.986     26.00
 15890.524     12.00
 15890.602     12.00
 15890.822     26.00
 15891.021     26.00
 15891.983      8.00
 15892.016      8.00
 15892.056     26.00
 15892.084      8.00
 15892.347     26.00
 15892.751     14.00
 15893.195     14.00
 15893.715      8.00
 15893.784      8.00
 15893.826     12.00
 15893.864      8.00
 15895.047     14.00
 15895.504     26.00
 15895.878     26.00
 15896.320     26.00
 15896.545     26.00
 15896.641     26.00
 15896.740     26.00
 15896.798     26.00
 15896.886      8.00
 15896.944      8.00
 15896.967     26.00
 15897.306     26.00
 15899.093     26.00
 15899.098     26.00
 15899.571     26.00
 15900.900     26.00
 15901.295     26.00
 15902.001     26.00
 15902.362     26.00
 15902.451     14.00
 15902.594     26.00
 15903.237     26.00
 15903.599     26.00
 15903.933     26.00
 15904.054     14.00
 15904.673     26.00
 15904.868     26.00
 15905.797     26.00
 15905.866     26.00
 15906.546     26.00
 15907.024     12.00
 15908.190     14.00
 15908.479     26.00
 15908.621     26.00
 15908.672     26.00
 15909.102     14.00
 15910.003     26.00
 15910.256     12.00
 15910.256     12.00
 15910.390     26.00
 15912.571     27.00
 15912.905     26.00
 15913.062     26.00
 15913.327     26.00
 15913.434     26.00
 15913.591     26.00
 15915.482     27.00
 15915.652     26.00
 15916.942     26.00
 15916.942     12.00
 15916.942     12.00
 15916.942     12.00
 15917.147     26.00
 15917.821     26.00
 15917.978     26.00
 15918.115     14.00
 15918.464     14.00
 15919.488     12.00
 15921.681     26.00
 15922.074     14.00
 15923.684     22.00
 15924.472     26.00
 15924.848     26.00
 15924.987     26.00
 15924.995     26.00
 15925.446     26.00
 15925.859     26.00
 15925.928     28.00
 15926.128     26.00
 15926.156     28.00
 15926.795     26.00
 15926.952     26.00
 15927.100     26.00
 15929.842     26.00
 15929.928     23.00
 15930.769     26.00
 15930.942     22.00
 15931.026     26.00
 15932.513     26.00
 15933.025     26.00
 15933.827     26.00
 15934.198     26.00
 15936.527     26.00
 15938.374     26.00
 15940.530     26.00
 15942.460     26.00
 15943.085     26.00
 15943.275     26.00
 15943.461     26.00
 15945.275     26.00
 15945.836     23.00
 15946.207     26.00
 15948.203     26.00
 15948.226     26.00
 15952.683     12.00
 15953.009     25.00
 15953.009     25.00
 15953.009     25.00
 15953.190     26.00
 15955.401     25.00
 15955.401     25.00
 15955.401     25.00
 15955.478     22.00
 15955.819     26.00
 15956.833     26.00
 15956.991     26.00
 15958.447     26.00
 15958.712     25.00
 15958.712     25.00
 15958.712     25.00
 15958.836     12.00
 15958.836     12.00
 15958.836     12.00
 15959.139     26.00
 15961.035     13.00
 15961.150     58.20
 15962.528     26.00
 15963.348     25.00
 15963.348     25.00
 15963.348     25.00
 15963.993     14.00
 15964.424     14.00
 15965.369     14.00
 15966.541     26.00
 15966.891     15.00
 15966.921     26.00
 15967.664     26.00
 15968.044     26.00
 15969.229     26.00
 15969.543     25.00
 15969.543     25.00
 15969.543     25.00
 15972.020     26.00
 15972.650     13.00
 15972.650     13.00
 15972.705     24.00
 15973.622     26.00
 15974.229     26.00
 15974.474     28.00
 15975.615     26.00
 15977.072     26.00
 15978.093     26.00
 15978.569     24.00
 15983.766     26.00
 15984.323     22.00
 15985.094     26.00
 15985.102     25.00
 15985.170     25.00
 15985.170     25.00
 15985.194     26.00
 15985.308     25.00
 15985.308     25.00
 15985.308     25.00
 15985.513     25.00
 15985.513     25.00
 15985.513     25.00
 15985.788     25.00
 15985.788     25.00
 15985.788     25.00
 15986.132     25.00
 15986.132     25.00
 15986.447     26.00
 15986.589     19.00
 15987.849     14.00
 15989.323     19.00
 15992.518     26.00
 15992.546     16.00
 15992.564     15.00
 15992.968     26.00
 15993.399     14.00
 15993.961     26.00
 15994.286     26.00
 15995.240     16.00
 15995.460     12.00
 16002.100     26.00
 16002.694     26.00
 16003.431     26.00
 16004.966     14.00
 16005.946     24.00
 16006.638     26.00
 16007.814     26.00
 16008.809     14.00
 16009.247     22.10
 16009.273      6.00
 16009.537     26.00
 16009.995     29.00
 16010.002     29.00
 16010.059     29.00
 16010.150     29.00
 16010.153     29.00
 16010.207     29.00
 16010.212     29.00
 16010.816     29.00
 16010.822     29.00
 16010.827     29.00
 16010.832     29.00
 16010.832     29.00
 16010.837     29.00
 16010.954     29.00
 16010.957     29.00
 16010.970     29.00
 16010.974     29.00
 16010.980     29.00
 16011.133     26.00
 16011.459     26.00
 16012.452     26.00
 16012.454     26.00
 16013.177     14.00
 16013.985     26.00
 16017.235     26.00
 16017.922     28.00
 16018.115     28.00
 16018.205     28.00
 16018.285     26.00
 16018.289     26.00
 16019.065     28.00
 16019.070     24.00
 16019.244     20.00
 16019.699     24.00
 16020.294     14.00
 16022.367     26.00
 16023.102     26.00
 16023.264     26.00
 16024.167     26.00
 16025.335     26.00
 16025.659     14.00
 16025.795      6.00
 16026.078      6.00
 16026.087     26.00
 16028.785     14.00
 16030.574     22.00
 16033.015     22.00
 16033.805     26.00
 16037.629     28.00
 16037.881     28.00
 16038.904     22.00
 16039.107     26.00
 16039.179     20.00
 16039.215     20.00
 16040.059     26.00
 16042.203     26.00
 16042.509     26.00
 16044.236     26.00
 16045.040     26.00
 16046.226     26.00
 16047.093     26.00
 16047.101     26.00
 16048.306     26.00
 16048.426     26.00
 16049.585     26.00
 16050.414     26.00
 16053.435     26.00
 16055.585     14.00
 16056.122     26.00
 16057.837     26.00
 16060.042     14.00
 16061.790     26.00
 16064.397     14.00
 16066.012     22.00
 16069.118     26.00
 16072.687     14.00
 16074.051     26.00
 16074.574     26.00
 16075.790     26.00
 16075.791     26.00
 16075.956     26.00
 16076.483     26.00
 16076.635     26.00
 16078.264     26.00
 16079.854     26.00
 16080.311     26.00
 16081.209     26.00
 16082.339     26.00
 16083.467     26.00
 16084.781     26.00
 16087.252     26.00
 16087.446     26.00
 16087.679     26.00
 16087.708     26.10
 16089.137     26.00
 16090.591     26.00
 16091.560     26.00
 16093.129     26.00
 16094.067     26.00
 16094.326     22.00
 16095.061     26.00
 16095.305     26.00
 16097.279     26.00
 16097.570     15.00
 16097.616     26.00
 16097.715     26.00
 16098.704     22.00
 16099.184     14.00
 16102.043     12.00
 16102.043     12.00
 16102.603     12.00
 16102.603     12.00
 16102.725     12.00
 16102.865     12.00
 16104.683     26.00
 16105.013     26.00
 16106.794     26.00
 16106.810     26.00
 16107.022     14.00
 16108.590     12.00
 16108.590     12.00
 16109.195     26.00
 16113.721      1.00
 16114.158     26.00
 16114.660     20.10
 16115.488     26.00
 16118.452      6.00
 16118.610     26.00
 16119.545     26.00
 16120.372     26.00
 16122.259     26.00
 16122.685     28.00
 16123.011     24.00
 16126.692     20.10
 16126.836     24.00
 16127.620     26.00
 16129.935     14.00
 16130.289     26.00
 16130.307     26.00
 16131.231     26.00
 16133.157     58.20
 16133.423     14.00
 16134.401     26.00
 16134.927     26.00
 16136.184     26.00
 16137.515     26.00
 16139.257     22.00
 16139.408     14.00
 16140.571     28.00
 16141.232     20.00
 16141.686     23.00
 16141.923     26.00
 16142.402     26.00
 16145.371     26.00
 16146.311     22.00
 16146.885     26.00
 16152.352     14.00
 16155.176     20.00
 16156.903     28.00
 16157.043     28.00
 16157.120     28.00
 16157.201     26.10
 16157.660     26.00
 16157.827     26.00
 16159.650     20.00
 16159.911     26.00
 16160.974     26.00
 16161.778     20.00
 16161.893     14.00
 16163.380     26.00
 16163.424     26.00
 16167.263     26.00
 16168.107     14.00
 16168.115     12.00
 16169.448     26.00
 16169.877     26.00
 16170.920     26.00
 16173.036     26.00
 16173.096     26.00
 16174.582     14.00
 16175.019     12.00
 16176.351     26.00
 16179.366     26.00
 16179.397     26.00
 16179.873     26.00
 16180.305     22.00
 16181.508     26.00
 16182.414     26.00
 16182.665     26.00
 16182.814     26.00
 16184.005     26.00
 16184.032     26.00
 16185.046     14.00
 16185.324     26.00
 16185.583     14.00
 16186.594     26.00
 16189.954     26.00
 16190.224     26.00
 16190.832     26.00
 16190.897     14.00
 16191.217     14.00
 16192.277     26.00
 16193.797     26.00
 16195.594     26.00
 16197.705     26.00
 16198.185     14.00
 16198.831     14.00
 16199.093     22.00
 16199.488     26.00
 16199.700     26.00
 16200.303     26.00
 16201.500     20.00
 16201.744     26.00
 16201.849     26.00
 16202.043     12.00
 16202.929     26.00
 16204.490     26.00
 16205.396     12.00
 16205.942     26.00
 16206.386     22.00
 16206.760     26.00
 16207.135     26.00
 16207.758     26.00
 16208.514     20.00
 16208.682     26.00
 16208.969     26.00
 16211.134     22.00
 16211.985     26.00
 16212.175     26.00
 16212.332     12.00
 16213.018     20.00
 16213.533     26.00
 16213.786     26.00
 16213.849     22.00
 16216.967     14.00
 16217.433     26.00
 16217.970     26.00
 16218.151     26.00
 16218.449     14.00
 16220.100     14.00
 16220.224     26.00
 16221.253     20.00
 16221.977     14.00
 16226.117     26.00
 16226.222     26.00
 16228.103     24.00
 16228.523     22.00
 16230.054     26.00
 16230.073     26.00
 16230.410     26.00
 16231.587     26.00
 16231.727     26.00
 16233.089     26.00
 16234.504     26.00
 16236.084     26.00
 16236.956     26.00
 16238.282     26.00
 16238.622     26.00
 16238.667     14.00
 16240.405     26.00
 16241.386     22.00
 16242.533     22.00
 16243.392     26.00
 16244.130     20.10
 16244.473     20.10
 16244.473     20.10
 16244.800      5.00
 16245.309     26.00
 16246.011     26.00
 16246.270     14.00
 16247.506     26.00
 16249.055      5.00
 16249.726     22.00
 16250.203     26.00
 16250.594     26.00
 16250.901     26.00
 16254.258     14.00
 16254.951     12.00
 16255.646     12.00
 16256.510     26.00
 16256.993     26.00
 16257.012     28.00
 16257.310     22.00
 16257.371     26.00
 16257.862     27.00
 16259.190     15.00
 16261.779     26.00
 16262.083     26.00
 16263.357     26.00
 16268.630     26.00
 16268.699     26.00
 16268.903     26.00
 16268.926     22.00
 16269.999     26.00
 16271.338     26.00
 16272.405     14.00
 16273.118     14.00
 16274.911     22.00
 16276.916     26.00
 16278.763     26.00
 16279.558     14.00
 16280.621     14.00
 16280.817     26.00
 16281.066     26.00
 16281.930     26.00
 16283.277     28.00
 16283.436     28.00
 16285.224     26.00
 16289.221     26.00
 16289.436     26.00
 16289.736     26.00
 16292.069     26.00
 16292.297     27.00
 16293.231     26.00
 16294.163     22.00
 16294.314     14.00
 16295.061     26.00
 16295.881     26.00
 16296.577     14.00
 16297.294     26.00
 16297.432     15.00
 16299.680     14.00
 16300.771     26.00
 16301.053     26.00
 16303.841     28.00
 16303.841     15.00
 16304.165     26.00
 16304.219     20.00
 16306.131     22.00
 16308.085     26.00
 16308.648     28.00
 16313.022     28.00
 16313.265     26.00
 16314.960     28.00
 16316.421     26.00
 16317.364     26.00
 16320.455     26.00
 16320.781     26.00
 16320.829     26.00
 16323.151     26.00
 16327.032     26.00
 16328.912     26.00
 16331.864     27.00
 16334.715     26.00
 16334.867     12.00
 16334.993     22.00
 16335.770     26.00
 16335.989     26.00
 16337.005     26.00
 16337.603     26.00
 16338.401      6.00
 16339.176      6.00
 16339.549     28.00
 16340.083     28.00
 16341.589     26.00
 16341.677     26.00
 16342.262     14.00
 16343.988     26.00
 16344.241     14.00
 16347.501     14.00
 16349.963     26.00
 16350.094     26.00
 16350.460     26.00
 16350.607     14.00
 16351.323     14.00
 16351.503     26.00
 16352.256     26.00
 16352.818     14.00
 16355.145     26.00
 16358.596     14.00
 16359.303     27.00
 16365.008     26.00
 16366.178     26.00
 16366.934     26.00
 16367.311     26.00
 16367.580     28.00
 16368.659     28.00
 16369.219     12.00
 16369.219     12.00
 16369.219     12.00
 16369.219     12.00
 16369.321     12.00
 16369.321     12.00
 16369.321     12.00
 16369.431     12.00
 16370.811     26.00
 16371.588     20.00
 16374.354     14.00
 16376.973     26.00
 16377.479     26.00
 16378.326     11.00
 16379.883     26.00
 16380.366     26.00
 16381.160     26.00
 16381.865     26.00
 16381.876     26.00
 16384.652     14.00
 16384.885     26.00
 16385.341     26.00
 16385.344     22.00
 16385.682     26.00
 16386.010     14.00
 16386.071     26.00
 16386.291     26.00
 16386.667     26.00
 16386.730     26.00
 16388.620     26.00
 16390.649     28.00
 16391.882     26.00
 16393.227     28.00
 16393.335     11.00
 16394.962     26.00
 16397.423     26.00
 16397.625     26.00
 16398.377     11.00
 16398.871     26.00
 16398.992     26.00
 16398.994     26.00
 16399.597     22.00
 16399.693     11.00
 16400.788     26.00
 16402.650     26.00
 16402.792     26.00
 16403.355     26.00
 16405.992     22.00
 16407.080      1.00
 16407.092      1.00
 16407.202      1.00
 16407.203      1.00
 16409.086     26.00
 16409.215     22.00
 16409.436     26.00
 16409.869     26.00
 16410.620     26.00
 16410.644     26.00
 16411.681      1.00
 16412.271     26.00
 16412.346     14.00
 16412.457     26.00
 16412.896     20.10
 16414.146     26.00
 16414.873     26.00
 16416.658     26.00
 16417.455     26.00
 16417.464     14.00
 16417.525     22.00
 16419.239     26.00
 16420.308      6.00
 16421.855     28.00
 16422.324     26.00
 16422.346     20.00
 16423.166      6.00
 16423.814      6.00
 16427.281     26.00
 16427.617     26.00
 16429.701     14.00
 16430.748     23.00
 16431.680     26.00
 16434.486     26.00
 16434.649     26.00
 16434.654     26.00
 16437.870     26.00
 16438.739     26.00
 16439.417     14.00
 16440.811     26.00
 16441.114     26.00
 16443.931     26.10
 16444.011     16.00
 16444.583      6.00
 16444.888     26.00
 16446.179     20.10
 16446.219     26.00
 16447.736     14.00
 16447.858     26.00
 16447.972     26.00
 16449.312     26.00
 16449.458     26.00
 16449.844     26.00
 16451.046     26.00
 16451.146     26.00
 16451.654     26.00
 16451.975     25.00
 16452.028     20.00
 16453.944     16.00
 16454.434     16.00
 16454.708     26.00
 16454.953     25.00
 16455.826     26.00
 16458.429     14.00
 16458.903     26.00
 16459.028     14.00
 16459.399     26.00
 16461.434     26.00
 16461.610     26.00
 16462.721     26.00
 16464.020     28.00
 16464.865     26.00
 16468.266     26.00
 16468.892     26.00
 16469.608      6.00
 16470.218     26.00
 16470.288     16.00
 16470.774     26.00
 16470.778     16.00
 16471.048     26.00
 16471.374     16.00
 16471.423     26.00
 16473.135      6.00
 16475.443      6.00
 16476.256     26.00
 16478.580     26.00
 16481.361     14.00
 16481.437     26.00
 16482.482     26.00
 16485.042     28.00
 16485.263     26.00
 16485.502     28.00
 16485.733     26.00
 16487.435     15.00
 16491.173     26.00
 16493.800     25.00
 16494.019     25.00
 16494.019     25.00
 16494.296     26.00
 16494.311     25.00
 16494.677     25.00
 16494.693     26.00
 16495.830     26.00
 16496.617     26.00
 16497.016     26.00
 16497.045     26.00
 16497.336     26.00
 16497.339     28.00
 16498.936     26.00
 16499.009     26.00
 16499.211     26.00
 16500.220     28.00
 16500.615      6.00
 16500.817     28.00
 16502.902     39.10
 16504.532     12.00
 16505.120     12.00
 16505.396     12.00
 16507.806     28.00
 16508.652     26.00
 16509.714      6.00
 16510.805     26.00
 16517.295     26.00
 16517.710     26.00
 16519.972     26.00
 16520.183     26.00
 16520.881     26.00
 16521.189     26.00
 16521.738     26.00
 16523.456     26.00
 16523.663     26.00
 16523.928     26.00
 16525.312     26.00
 16526.027     26.00
 16526.084     26.00
 16526.591     26.00
 16528.224     28.00
 16528.363     26.00
 16528.983     26.00
 16529.644     26.00
 16529.999     26.00
 16532.456     26.00
 16532.587     26.00
 16536.087     26.00
 16536.502     26.00
 16538.280     14.00
 16538.666     26.00
 16539.462     28.00
 16540.077     26.00
 16540.687     28.00
 16540.925     26.00
 16542.515     26.00
 16543.221     26.00
 16543.714     26.00
 16545.392     26.00
 16545.945     26.00
 16546.484     26.00
 16547.179     16.00
 16549.220     26.00
 16549.984     14.00
 16551.485     14.00
 16551.518     26.00
 16552.305     26.00
 16552.557     26.00
 16552.726     26.00
 16554.118     26.00
 16554.345     28.00
 16554.921     28.00
 16556.073     14.00
 16556.519     26.00
 16558.251     26.00
 16559.417     14.00
 16560.871     14.00
 16561.010     26.00
 16561.200     26.00
 16561.674     26.00
 16562.785     28.00
 16563.086     26.00
 16563.340     14.00
 16564.136      6.00
 16564.204     26.00
 16564.708     20.00
 16565.589     20.10
 16566.009     26.00
 16566.291     26.00
 16568.419     26.00
 16570.195     14.00
 16571.258     26.00
 16573.029     26.00
 16573.331     27.00
 16573.331     27.00
 16573.331     27.00
 16574.315     14.00
 16574.411     26.00
 16575.189     16.00
 16575.960     14.00
 16577.199     22.00
 16579.800     26.00
 16581.003     26.00
 16581.149     16.00
 16582.593     26.00
 16584.012     28.00
 16585.150     25.00
 16585.418     16.00
 16585.531     26.00
 16585.916     26.00
 16586.526     26.00
 16586.928     12.00
 16587.973     26.00
 16588.372     26.00
 16588.971     28.00
 16589.071     28.00
 16589.181     28.00
 16590.426     28.00
 16590.582     26.00
 16591.708     22.00
 16591.724     16.00
 16591.741     26.00
 16591.780     16.00
 16592.027     26.00
 16593.088     26.00
 16593.490     25.00
 16593.826     28.00
 16594.142     14.00
 16594.577     15.00
 16595.516     16.00
 16596.080     26.00
 16597.333     26.00
 16597.695     28.00
 16597.753     16.00
 16600.200     12.00
 16601.886     16.00
 16604.219     26.00
 16604.835     26.00
 16606.308     26.00
 16606.771     25.00
 16609.453     26.00
 16611.738      6.00
 16612.174     26.00
 16612.345     26.00
 16614.077     26.00
 16614.453     26.00
 16614.774     14.00
 16614.909     14.00
 16616.662     26.00
 16616.744     26.00
 16617.302     26.00
 16617.595     15.00
 16618.822     28.00
 16619.288     26.00
 16619.711     22.00
 16621.307     26.00
 16621.473     14.00
 16624.278     26.00
 16624.460     26.00
 16625.729     12.00
 16625.928     26.00
 16626.127     22.10
 16629.259     12.00
 16629.259     12.00
 16630.355     20.00
 16631.226     28.00
 16632.329     26.00
 16632.973     28.00
 16634.380     26.00
 16635.096     20.00
 16636.562     12.00
 16636.562     12.00
 16636.562     12.00
 16637.050     26.00
 16638.888     26.00
 16639.705     22.00
 16643.511     29.00
 16643.522     29.00
 16643.539     29.00
 16643.540     29.00
 16645.189     26.00
 16645.438     26.00
 16645.862     22.00
 16646.696     26.00
 16647.911     26.00
 16649.825     26.00
 16650.133     20.00
 16650.424     26.00
 16651.453     26.00
 16651.625     26.00
 16651.797     26.00
 16652.751     26.00
 16654.425     20.10
 16654.454     29.00
 16654.664     20.00
 16656.767     26.00
 16656.939     26.00
 16657.350     26.00
 16658.074     26.00
 16658.548     14.00
 16659.961     26.00
 16662.076     20.00
 16662.359     26.00
 16663.901     26.00
 16664.073     26.00
 16664.298     26.00
 16664.470     26.00
 16665.933     26.00
 16666.456     26.00
 16666.739     26.00
 16667.164     26.00
 16667.278     20.10
 16669.940     26.00
 16670.037     26.00
 16671.329     26.00
 16673.080     26.00
 16674.679     28.00
 16676.689     28.00
 16677.708     28.00
 16677.925     22.00
 16677.953     27.00
 16678.265     28.00
 16678.642     22.00
 16679.257     24.00
 16683.720     26.00
 16684.068     26.00
 16685.327     14.00
 16685.394     26.00
 16685.803     26.00
 16690.102     26.00
 16690.275     26.00
 16693.797     13.00
 16697.635     26.00
 16701.980     13.00
 16703.973     27.00
 16704.173     26.00
 16706.006     26.00
 16706.763     14.00
 16709.013     26.00
 16709.409     28.00
 16710.634     28.00
 16711.077     26.00
 16711.440     25.00
 16711.515     25.00
 16711.515     25.00
 16711.665     25.00
 16711.665     25.00
 16711.890     25.00
 16711.890     25.00
 16712.118     26.00
 16712.190     25.00
 16712.190     25.00
 16712.565     25.00
 16712.565     25.00
 16713.478     26.00
 16714.054     12.00
 16715.850     26.00
 16716.163     26.00
 16722.375     26.00
 16723.524     13.00
 16723.641     26.00
 16725.298     26.00
 16725.698     14.00
 16726.033     26.00
 16727.272     14.00
 16727.879     26.00
 16728.520     26.00
 16729.257     26.00
 16730.012     26.00
 16730.737     28.00
 16731.025     14.00
 16731.649     26.00
 16732.882     26.00
 16732.882     26.00
 16733.237     26.00
 16737.496     24.00
 16740.089     26.00
 16740.762     26.00
 16741.238     26.00
 16743.253     15.00
 16743.887     26.00
 16744.226     14.00
 16744.495     22.00
 16745.404     26.10
 16747.064     26.00
 16748.483     27.00
 16748.744     26.00
 16751.887     14.00
 16751.935     28.00
 16752.484     26.00
 16753.730     26.00
 16754.884     26.00
 16755.140     13.00
 16755.645     14.00
 16755.909     26.00
 16757.071     26.00
 16757.321     26.00
 16757.644     26.00
 16758.681     26.00
 16761.910     27.00
 16761.910     27.00
 16762.176     27.00
 16762.396     27.00
 16762.572     27.00
 16762.572     27.00
 16762.702     27.00
 16762.702     27.00
 16762.789     27.00
 16764.080     26.00
 16764.341     32.00
 16764.796     12.10
 16765.742     28.00
 16767.939     13.00
 16771.140     26.00
 16772.422     14.00
 16775.275     26.00
 16779.739     26.00
 16779.846     27.00
 16781.669     14.00
 16785.365     26.00
 16785.767     26.00
 16787.368     26.00
 16787.427     26.00
 16787.625     26.00
 16788.045      6.00
 16789.383     26.00
 16789.595     27.00
 16790.401     26.00
 16791.174     26.00
 16791.941     26.00
 16792.902     26.00
 16796.814     26.00
 16797.818     12.00
 16798.798     26.00
 16799.021     28.00
 16800.200     26.00
 16802.866     26.00
 16803.673     12.10
 16804.240     26.00
 16804.520     12.10
 16806.403      1.00
 16806.415      1.00
 16806.421      1.00
 16806.530      1.00
 16806.532      1.00
 16807.748     26.00
 16807.957     15.00
 16808.090     26.00
 16810.379     26.00
 16811.117      1.00
 16812.029     26.00
 16812.204     26.00
 16813.663     14.00
 16814.367     22.00
 16814.458     20.00
 16815.048     14.00
 16815.210     26.00
 16815.388     26.00
 16815.970     26.00
 16817.266     26.00
 16818.233     26.00
 16820.063     28.00
 16820.824     14.00
 16821.699     26.00
 16822.106     28.00
 16822.511     26.00
 16822.587     26.00
 16823.354     28.00
 16824.129     26.00
 16824.243     26.00
 16824.852     26.00
 16827.286     26.00
 16830.376     26.00
 16831.747     26.00
 16832.756     14.00
 16837.653     26.00
 16840.418     27.00
 16840.815     27.00
 16841.045     26.00
 16842.479     26.00
 16843.008     26.00
 16847.832     26.00
 16848.118     26.00
 16848.481     26.00
 16849.950     26.00
 16850.668     26.00
 16855.561     26.00
 16856.513     26.00
 16856.925     27.00
 16857.699     26.10
 16859.631     26.00
 16859.704      6.00
 16861.050     26.00
 16861.456     26.00
 16861.743     26.00
 16862.349     26.00
 16863.131     26.00
 16867.172     22.00
 16867.502      6.00
 16868.066     26.00
 16868.655     26.00
 16868.689     26.00
 16869.432     26.00
 16870.123     26.00
 16871.034     26.00
 16871.976     28.00
 16873.124     26.00
 16873.824      8.00
 16874.561     26.00
 16875.182     26.00
 16875.741      8.00
 16875.892     26.00
 16877.808     26.10
 16878.728     26.00
 16879.147      8.00
 16879.169     26.00
 16879.527     26.00
 16882.304     22.00
 16882.581     26.00
 16883.154     26.00
 16884.955     26.00
 16885.357     26.00
 16887.876     26.00
 16888.221     26.00
 16889.424     26.00
 16891.792     22.00
 16892.457     22.00
 16892.883      6.00
 16893.233      6.00
 16894.090     26.00
 16895.029     26.00
 16895.031      6.00
 16895.169     26.00
 16895.762     14.00
 16895.839     26.00
 16896.978     26.00
 16897.001     26.00
 16897.878     26.00
 16898.398     26.00
 16898.503     14.00
 16898.572     26.00
 16899.799     26.00
 16900.233     20.00
 16902.987     24.00
 16903.313     16.00
 16903.502     26.00
 16903.516     24.00
 16904.850     26.00
 16904.899     26.00
 16904.987     20.00
 16905.362     16.00
 16906.671     28.00
 16908.372     16.00
 16909.176     16.00
 16909.627     26.00
 16910.136     16.00
 16910.159     26.00
 16911.125     26.00
 16911.431     14.10
 16912.338     20.00
 16912.673     26.00
 16914.767     26.00
 16914.947     13.00
 16915.305     26.00
 16917.800     26.00
 16918.298     25.00
 16923.787     26.00
 16925.331     14.00
 16928.517     26.00
 16928.695     27.00
 16929.368     26.00
 16930.073     26.00
 16931.209     26.00
 16931.865     13.00
 16932.238     26.00
 16932.470     26.00
 16933.250     26.00
 16933.419     26.00
 16933.605     14.00
 16934.075     14.00
 16935.126     26.00
 16935.280     26.00
 16935.590     26.00
 16936.992     26.00
 16937.141     26.00
 16937.285     26.00
 16939.603     26.00
 16940.682     26.00
 16941.626     26.00
 16946.051     26.00
 16946.347     26.00
 16946.832     26.00
 16949.539     28.00
 16949.729     28.00
 16949.828     26.00
 16949.909     28.00
 16951.204     26.00
 16952.324     26.00
 16956.440     26.00
 16958.751      6.00
 16960.451     14.00
 16960.678     26.00
 16962.426     14.00
 16963.701     22.00
 16963.853     26.00
 16964.384     22.00
 16965.476     19.00
 16966.510     26.00
 16967.261     26.00
 16967.872     26.00
 16968.557     19.00
 16968.920     26.00
 16968.955     26.00
 16969.839     22.00
 16969.890      6.00
 16970.434     26.00
 16972.843     26.00
 16973.908     26.00
 16974.548     26.00
 16975.321     26.00
 16978.571     26.00
 16980.330     22.00
 16980.711     26.10
 16980.864     14.00
 16981.273     27.00
 16981.821     14.10
 16982.758      6.00
 16983.118      6.00
 16983.543     26.00
 16983.693     14.00
 16984.114     26.00
 16984.143     26.00
 16986.792     14.00
 16987.400     26.00
 16989.978     14.00
 16991.562     26.00
 16992.786     16.00
 16993.942     16.00
 16997.238     26.00
 16997.250     22.00
 16997.920     26.00
 16998.246      7.00
 17000.566     26.00
 17000.582     27.00
 17000.582     27.00
 17000.913     28.00
 17001.061     26.00
 17001.248     27.00
 17001.248     27.00
 17001.388     28.00
 17001.749     26.00
 17001.779     27.00
 17001.779     27.00
 17002.177     27.00
 17003.234     28.00
